%YAML:1.0
---
num: 2
Error_0: 6.6524818434421082e-02
Matrix_0: !!opencv-matrix
   rows: 4
   cols: 4
   dt: d
   data: [ 2.4748903760505137e-01, 9.6854925183993656e-01,
       -2.5720089922537055e-02, 1.8741313536798135e-01,
       9.6887553718974573e-01, -2.4754643273262777e-01,
       9.7830293030244501e-04, -1.5496836019351326e-02,
       -5.4193819386691277e-03, -2.5161685190973421e-02,
       -9.9966870507071204e-01, 2.6732044062680854e-01, 0., 0., 0., 1. ]
Error_1: 2.0340090618576750e-02
Matrix_1: !!opencv-matrix
   rows: 4
   cols: 4
   dt: d
   data: [ -1.1086692417052443e-01, -2.3939601923649470e-01,
       -9.6457144426874353e-01, 8.8797810271394328e-02,
       -4.2499465003351300e-01, -8.6591603103628589e-01,
       2.6375931194414837e-01, 3.4547122365914951e-02,
       -8.9838080598811698e-01, 4.3917988702589333e-01,
       -5.7405804638888929e-03, 7.1224609480159434e-02, 0., 0., 0., 1. ]
Tool: !!opencv-matrix
   rows: 4
   cols: 4
   dt: d
   data: [ 1.9824329842905984e-03, -9.0364975134786907e-01,
       -4.2826766962776591e-01, 7.1652802859456619e-02,
       1.1373465953307045e-03, 4.2827027166800957e-01,
       -9.0364997695353855e-01, 0., 9.9999738819768169e-01,
       1.3043367446246114e-03, 1.8767800808124407e-03, 0., 0., 0., 0.,
       1. ]
CameraExtrinsicMat: !!opencv-matrix
   rows: 4
   cols: 4
   dt: d
   data: [ 1., 0., 0., 0., 0., 1., 0., 0., 0., 0., 1., 0., 0., 0., 0.,
       1. ]
IRColorCameraExtrinsicMat: !!opencv-matrix
   rows: 4
   cols: 4
   dt: d
   data: [ 9.9996870756149292e-01, -6.5209325402975082e-03,
       -4.4787637889385223e-03, 2.1719656884670258e-01,
       6.4917020499706268e-03, 9.9995762109756470e-01,
       -6.5081231296062469e-03, 1.3672038912773132e-03,
       4.5210011303424835e-03, 6.4788274466991425e-03,
       9.9996870756149292e-01, 1.8214583396911621e-02, 0., 0., 0., 1. ]
IRCameraMat: !!opencv-matrix
   rows: 3
   cols: 3
   dt: d
   data: [ 3.7144176793227746e+02, 0., 3.2412259917820467e+02, 0.,
       3.7154759468755231e+02, 2.5253751455855891e+02, 0., 0., 1. ]
IRDistCoeff: !!opencv-matrix
   rows: 1
   cols: 5
   dt: d
   data: [ -1.6988498229795204e-01, 4.9938248034006878e-02,
       2.3064328679819215e-04, -3.0678426221516722e-04,
       -1.0003616514624478e-02 ]
IRImageSize: [ 640, 512 ]
CameraMat: !!opencv-matrix
   rows: 3
   cols: 3
   dt: d
   data: [ 1.8515907838575351e+03, 0., 9.9213258301166275e+02, 0.,
       1.8420311763240168e+03, 5.2237848610122012e+02, 0., 0., 1. ]
DistCoeff: !!opencv-matrix
   rows: 1
   cols: 5
   dt: d
   data: [ -1.5103902143618647e-01, -1.3135479994882254e-01,
       4.0752198420025031e-06, -1.5308605253284120e-05,
       4.8637860852474485e-01 ]
ImageSize: [ 1920, 1080 ]
